Building an XOR gate using Perceptron Neural Network that is trained
Using Perceptron function as the activation function
Data printed is as follows:-
i1 | i2 | b  | Net| O/p | Thresh | w1 | w2 | b 
Target
Currently in epoch number:  1
1  | 1  | 1  | 1  | 1  | 0.4  | 0  | -1  | -1
[-1]
1  | 0  | 1  | -1  | -1  | 0.4  | 1  | -1  | 0
[1]
0  | 1  | 1  | -1  | -1  | 0.4  | 1  | 0  | 1
[1]
0  | 0  | 1  | 1  | 1  | 0.4  | 1  | 0  | 0
[-1]
Currently in epoch number:  2
1  | 1  | 1  | 1  | 1  | 0.4  | 0  | -1  | -1
[-1]
1  | 0  | 1  | -1  | -1  | 0.4  | 1  | -1  | 0
[1]
0  | 1  | 1  | -1  | -1  | 0.4  | 1  | 0  | 1
[1]
0  | 0  | 1  | 1  | 1  | 0.4  | 1  | 0  | 0
[-1]
Currently in epoch number:  3
1  | 1  | 1  | 1  | 1  | 0.4  | 0  | -1  | -1
[-1]
1  | 0  | 1  | -1  | -1  | 0.4  | 1  | -1  | 0
[1]
0  | 1  | 1  | -1  | -1  | 0.4  | 1  | 0  | 1
[1]
0  | 0  | 1  | 1  | 1  | 0.4  | 1  | 0  | 0
[-1]
Currently in epoch number:  4
1  | 1  | 1  | 1  | 1  | 0.4  | 0  | -1  | -1
[-1]
1  | 0  | 1  | -1  | -1  | 0.4  | 1  | -1  | 0
[1]
0  | 1  | 1  | -1  | -1  | 0.4  | 1  | 0  | 1
[1]
0  | 0  | 1  | 1  | 1  | 0.4  | 1  | 0  | 0
[-1]
Currently in epoch number:  5
1  | 1  | 1  | 1  | 1  | 0.4  | 0  | -1  | -1
[-1]
1  | 0  | 1  | -1  | -1  | 0.4  | 1  | -1  | 0
[1]
0  | 1  | 1  | -1  | -1  | 0.4  | 1  | 0  | 1
[1]
0  | 0  | 1  | 1  | 1  | 0.4  | 1  | 0  | 0
[-1]
Currently in epoch number:  6
1  | 1  | 1  | 1  | 1  | 0.4  | 0  | -1  | -1
[-1]
1  | 0  | 1  | -1  | -1  | 0.4  | 1  | -1  | 0
[1]
0  | 1  | 1  | -1  | -1  | 0.4  | 1  | 0  | 1
[1]
0  | 0  | 1  | 1  | 1  | 0.4  | 1  | 0  | 0
[-1]
Currently in epoch number:  7
1  | 1  | 1  | 1  | 1  | 0.4  | 0  | -1  | -1
[-1]
1  | 0  | 1  | -1  | -1  | 0.4  | 1  | -1  | 0
[1]
0  | 1  | 1  | -1  | -1  | 0.4  | 1  | 0  | 1
[1]
0  | 0  | 1  | 1  | 1  | 0.4  | 1  | 0  | 0
[-1]
Currently in epoch number:  8
1  | 1  | 1  | 1  | 1  | 0.4  | 0  | -1  | -1
[-1]
1  | 0  | 1  | -1  | -1  | 0.4  | 1  | -1  | 0
[1]
0  | 1  | 1  | -1  | -1  | 0.4  | 1  | 0  | 1
[1]
0  | 0  | 1  | 1  | 1  | 0.4  | 1  | 0  | 0
[-1]
Currently in epoch number:  9
1  | 1  | 1  | 1  | 1  | 0.4  | 0  | -1  | -1
[-1]
1  | 0  | 1  | -1  | -1  | 0.4  | 1  | -1  | 0
[1]
0  | 1  | 1  | -1  | -1  | 0.4  | 1  | 0  | 1
[1]
0  | 0  | 1  | 1  | 1  | 0.4  | 1  | 0  | 0
[-1]
Currently in epoch number:  10
1  | 1  | 1  | 1  | 1  | 0.4  | 0  | -1  | -1
[-1]
1  | 0  | 1  | -1  | -1  | 0.4  | 1  | -1  | 0
[1]
0  | 1  | 1  | -1  | -1  | 0.4  | 1  | 0  | 1
[1]
0  | 0  | 1  | 1  | 1  | 0.4  | 1  | 0  | 0
[-1]
Currently in epoch number:  11
1  | 1  | 1  | 1  | 1  | 0.4  | 0  | -1  | -1
[-1]
1  | 0  | 1  | -1  | -1  | 0.4  | 1  | -1  | 0
[1]
0  | 1  | 1  | -1  | -1  | 0.4  | 1  | 0  | 1
[1]
0  | 0  | 1  | 1  | 1  | 0.4  | 1  | 0  | 0
[-1]
Currently in epoch number:  12
1  | 1  | 1  | 1  | 1  | 0.4  | 0  | -1  | -1
[-1]
1  | 0  | 1  | -1  | -1  | 0.4  | 1  | -1  | 0
[1]
0  | 1  | 1  | -1  | -1  | 0.4  | 1  | 0  | 1
[1]
0  | 0  | 1  | 1  | 1  | 0.4  | 1  | 0  | 0
[-1]
Currently in epoch number:  13
1  | 1  | 1  | 1  | 1  | 0.4  | 0  | -1  | -1
[-1]
1  | 0  | 1  | -1  | -1  | 0.4  | 1  | -1  | 0
[1]
0  | 1  | 1  | -1  | -1  | 0.4  | 1  | 0  | 1
[1]
0  | 0  | 1  | 1  | 1  | 0.4  | 1  | 0  | 0
[-1]
Currently in epoch number:  14
1  | 1  | 1  | 1  | 1  | 0.4  | 0  | -1  | -1
[-1]
1  | 0  | 1  | -1  | -1  | 0.4  | 1  | -1  | 0
[1]
0  | 1  | 1  | -1  | -1  | 0.4  | 1  | 0  | 1
[1]
0  | 0  | 1  | 1  | 1  | 0.4  | 1  | 0  | 0
[-1]
Currently in epoch number:  15
1  | 1  | 1  | 1  | 1  | 0.4  | 0  | -1  | -1
[-1]
1  | 0  | 1  | -1  | -1  | 0.4  | 1  | -1  | 0
[1]
0  | 1  | 1  | -1  | -1  | 0.4  | 1  | 0  | 1
[1]
0  | 0  | 1  | 1  | 1  | 0.4  | 1  | 0  | 0
[-1]
Currently in epoch number:  16
1  | 1  | 1  | 1  | 1  | 0.4  | 0  | -1  | -1
[-1]
1  | 0  | 1  | -1  | -1  | 0.4  | 1  | -1  | 0
[1]
0  | 1  | 1  | -1  | -1  | 0.4  | 1  | 0  | 1
[1]
0  | 0  | 1  | 1  | 1  | 0.4  | 1  | 0  | 0
[-1]
Currently in epoch number:  17
1  | 1  | 1  | 1  | 1  | 0.4  | 0  | -1  | -1
[-1]
1  | 0  | 1  | -1  | -1  | 0.4  | 1  | -1  | 0
[1]
0  | 1  | 1  | -1  | -1  | 0.4  | 1  | 0  | 1
[1]
0  | 0  | 1  | 1  | 1  | 0.4  | 1  | 0  | 0
[-1]
Currently in epoch number:  18
1  | 1  | 1  | 1  | 1  | 0.4  | 0  | -1  | -1
[-1]
1  | 0  | 1  | -1  | -1  | 0.4  | 1  | -1  | 0
[1]
0  | 1  | 1  | -1  | -1  | 0.4  | 1  | 0  | 1
[1]
0  | 0  | 1  | 1  | 1  | 0.4  | 1  | 0  | 0
[-1]
Currently in epoch number:  19
1  | 1  | 1  | 1  | 1  | 0.4  | 0  | -1  | -1
[-1]
1  | 0  | 1  | -1  | -1  | 0.4  | 1  | -1  | 0
[1]
0  | 1  | 1  | -1  | -1  | 0.4  | 1  | 0  | 1
[1]
0  | 0  | 1  | 1  | 1  | 0.4  | 1  | 0  | 0
[-1]
Currently in epoch number:  20
1  | 1  | 1  | 1  | 1  | 0.4  | 0  | -1  | -1
[-1]
1  | 0  | 1  | -1  | -1  | 0.4  | 1  | -1  | 0
[1]
0  | 1  | 1  | -1  | -1  | 0.4  | 1  | 0  | 1
[1]
0  | 0  | 1  | 1  | 1  | 0.4  | 1  | 0  | 0
[-1]
Currently in epoch number:  21
1  | 1  | 1  | 1  | 1  | 0.4  | 0  | -1  | -1
[-1]
1  | 0  | 1  | -1  | -1  | 0.4  | 1  | -1  | 0
[1]
0  | 1  | 1  | -1  | -1  | 0.4  | 1  | 0  | 1
[1]
0  | 0  | 1  | 1  | 1  | 0.4  | 1  | 0  | 0
[-1]
Currently in epoch number:  22
1  | 1  | 1  | 1  | 1  | 0.4  | 0  | -1  | -1
[-1]
1  | 0  | 1  | -1  | -1  | 0.4  | 1  | -1  | 0
[1]
0  | 1  | 1  | -1  | -1  | 0.4  | 1  | 0  | 1
[1]
0  | 0  | 1  | 1  | 1  | 0.4  | 1  | 0  | 0
[-1]
Currently in epoch number:  23
1  | 1  | 1  | 1  | 1  | 0.4  | 0  | -1  | -1
[-1]
1  | 0  | 1  | -1  | -1  | 0.4  | 1  | -1  | 0
[1]
0  | 1  | 1  | -1  | -1  | 0.4  | 1  | 0  | 1
[1]
0  | 0  | 1  | 1  | 1  | 0.4  | 1  | 0  | 0
[-1]
Currently in epoch number:  24
1  | 1  | 1  | 1  | 1  | 0.4  | 0  | -1  | -1
[-1]
1  | 0  | 1  | -1  | -1  | 0.4  | 1  | -1  | 0
[1]
0  | 1  | 1  | -1  | -1  | 0.4  | 1  | 0  | 1
[1]
0  | 0  | 1  | 1  | 1  | 0.4  | 1  | 0  | 0
[-1]
Currently in epoch number:  25
1  | 1  | 1  | 1  | 1  | 0.4  | 0  | -1  | -1
[-1]
1  | 0  | 1  | -1  | -1  | 0.4  | 1  | -1  | 0
[1]
0  | 1  | 1  | -1  | -1  | 0.4  | 1  | 0  | 1
[1]
0  | 0  | 1  | 1  | 1  | 0.4  | 1  | 0  | 0
[-1]
Currently in epoch number:  26
1  | 1  | 1  | 1  | 1  | 0.4  | 0  | -1  | -1
[-1]
1  | 0  | 1  | -1  | -1  | 0.4  | 1  | -1  | 0
[1]
0  | 1  | 1  | -1  | -1  | 0.4  | 1  | 0  | 1
[1]
0  | 0  | 1  | 1  | 1  | 0.4  | 1  | 0  | 0
[-1]
Currently in epoch number:  27
1  | 1  | 1  | 1  | 1  | 0.4  | 0  | -1  | -1
[-1]
1  | 0  | 1  | -1  | -1  | 0.4  | 1  | -1  | 0
[1]
0  | 1  | 1  | -1  | -1  | 0.4  | 1  | 0  | 1
[1]
0  | 0  | 1  | 1  | 1  | 0.4  | 1  | 0  | 0
[-1]
Currently in epoch number:  28
1  | 1  | 1  | 1  | 1  | 0.4  | 0  | -1  | -1
[-1]
1  | 0  | 1  | -1  | -1  | 0.4  | 1  | -1  | 0
[1]
0  | 1  | 1  | -1  | -1  | 0.4  | 1  | 0  | 1
[1]
0  | 0  | 1  | 1  | 1  | 0.4  | 1  | 0  | 0
[-1]
Currently in epoch number:  29
1  | 1  | 1  | 1  | 1  | 0.4  | 0  | -1  | -1
[-1]
1  | 0  | 1  | -1  | -1  | 0.4  | 1  | -1  | 0
[1]
0  | 1  | 1  | -1  | -1  | 0.4  | 1  | 0  | 1
[1]
0  | 0  | 1  | 1  | 1  | 0.4  | 1  | 0  | 0
[-1]
Currently in epoch number:  30
1  | 1  | 1  | 1  | 1  | 0.4  | 0  | -1  | -1
[-1]
1  | 0  | 1  | -1  | -1  | 0.4  | 1  | -1  | 0
[1]
0  | 1  | 1  | -1  | -1  | 0.4  | 1  | 0  | 1
[1]
0  | 0  | 1  | 1  | 1  | 0.4  | 1  | 0  | 0
[-1]
Currently in epoch number:  31
1  | 1  | 1  | 1  | 1  | 0.4  | 0  | -1  | -1
[-1]
1  | 0  | 1  | -1  | -1  | 0.4  | 1  | -1  | 0
[1]
0  | 1  | 1  | -1  | -1  | 0.4  | 1  | 0  | 1
[1]
0  | 0  | 1  | 1  | 1  | 0.4  | 1  | 0  | 0
[-1]
Currently in epoch number:  32
1  | 1  | 1  | 1  | 1  | 0.4  | 0  | -1  | -1
[-1]
1  | 0  | 1  | -1  | -1  | 0.4  | 1  | -1  | 0
[1]
0  | 1  | 1  | -1  | -1  | 0.4  | 1  | 0  | 1
[1]
0  | 0  | 1  | 1  | 1  | 0.4  | 1  | 0  | 0
[-1]
Currently in epoch number:  33
1  | 1  | 1  | 1  | 1  | 0.4  | 0  | -1  | -1
[-1]
1  | 0  | 1  | -1  | -1  | 0.4  | 1  | -1  | 0
[1]
0  | 1  | 1  | -1  | -1  | 0.4  | 1  | 0  | 1
[1]
0  | 0  | 1  | 1  | 1  | 0.4  | 1  | 0  | 0
[-1]
Currently in epoch number:  34
1  | 1  | 1  | 1  | 1  | 0.4  | 0  | -1  | -1
[-1]
1  | 0  | 1  | -1  | -1  | 0.4  | 1  | -1  | 0
[1]
0  | 1  | 1  | -1  | -1  | 0.4  | 1  | 0  | 1
[1]
0  | 0  | 1  | 1  | 1  | 0.4  | 1  | 0  | 0
[-1]
Currently in epoch number:  35
1  | 1  | 1  | 1  | 1  | 0.4  | 0  | -1  | -1
[-1]
1  | 0  | 1  | -1  | -1  | 0.4  | 1  | -1  | 0
[1]
0  | 1  | 1  | -1  | -1  | 0.4  | 1  | 0  | 1
[1]
0  | 0  | 1  | 1  | 1  | 0.4  | 1  | 0  | 0
[-1]
Currently in epoch number:  36
1  | 1  | 1  | 1  | 1  | 0.4  | 0  | -1  | -1
[-1]
1  | 0  | 1  | -1  | -1  | 0.4  | 1  | -1  | 0
[1]
0  | 1  | 1  | -1  | -1  | 0.4  | 1  | 0  | 1
[1]
0  | 0  | 1  | 1  | 1  | 0.4  | 1  | 0  | 0
[-1]
Currently in epoch number:  37
1  | 1  | 1  | 1  | 1  | 0.4  | 0  | -1  | -1
[-1]
1  | 0  | 1  | -1  | -1  | 0.4  | 1  | -1  | 0
[1]
0  | 1  | 1  | -1  | -1  | 0.4  | 1  | 0  | 1
[1]
0  | 0  | 1  | 1  | 1  | 0.4  | 1  | 0  | 0
[-1]
Currently in epoch number:  38
1  | 1  | 1  | 1  | 1  | 0.4  | 0  | -1  | -1
[-1]
1  | 0  | 1  | -1  | -1  | 0.4  | 1  | -1  | 0
[1]
0  | 1  | 1  | -1  | -1  | 0.4  | 1  | 0  | 1
[1]
0  | 0  | 1  | 1  | 1  | 0.4  | 1  | 0  | 0
[-1]
Currently in epoch number:  39
1  | 1  | 1  | 1  | 1  | 0.4  | 0  | -1  | -1
[-1]
1  | 0  | 1  | -1  | -1  | 0.4  | 1  | -1  | 0
[1]
0  | 1  | 1  | -1  | -1  | 0.4  | 1  | 0  | 1
[1]
0  | 0  | 1  | 1  | 1  | 0.4  | 1  | 0  | 0
[-1]
Currently in epoch number:  40
1  | 1  | 1  | 1  | 1  | 0.4  | 0  | -1  | -1
[-1]
1  | 0  | 1  | -1  | -1  | 0.4  | 1  | -1  | 0
[1]
0  | 1  | 1  | -1  | -1  | 0.4  | 1  | 0  | 1
[1]
0  | 0  | 1  | 1  | 1  | 0.4  | 1  | 0  | 0
[-1]
Currently in epoch number:  41
1  | 1  | 1  | 1  | 1  | 0.4  | 0  | -1  | -1
[-1]
1  | 0  | 1  | -1  | -1  | 0.4  | 1  | -1  | 0
[1]
0  | 1  | 1  | -1  | -1  | 0.4  | 1  | 0  | 1
[1]
0  | 0  | 1  | 1  | 1  | 0.4  | 1  | 0  | 0
[-1]
Currently in epoch number:  42
1  | 1  | 1  | 1  | 1  | 0.4  | 0  | -1  | -1
[-1]
1  | 0  | 1  | -1  | -1  | 0.4  | 1  | -1  | 0
[1]
0  | 1  | 1  | -1  | -1  | 0.4  | 1  | 0  | 1
[1]
0  | 0  | 1  | 1  | 1  | 0.4  | 1  | 0  | 0
[-1]
Currently in epoch number:  43
1  | 1  | 1  | 1  | 1  | 0.4  | 0  | -1  | -1
[-1]
1  | 0  | 1  | -1  | -1  | 0.4  | 1  | -1  | 0
[1]
0  | 1  | 1  | -1  | -1  | 0.4  | 1  | 0  | 1
[1]
0  | 0  | 1  | 1  | 1  | 0.4  | 1  | 0  | 0
[-1]
Currently in epoch number:  44
1  | 1  | 1  | 1  | 1  | 0.4  | 0  | -1  | -1
[-1]
1  | 0  | 1  | -1  | -1  | 0.4  | 1  | -1  | 0
[1]
0  | 1  | 1  | -1  | -1  | 0.4  | 1  | 0  | 1
[1]
0  | 0  | 1  | 1  | 1  | 0.4  | 1  | 0  | 0
[-1]
Currently in epoch number:  45
1  | 1  | 1  | 1  | 1  | 0.4  | 0  | -1  | -1
[-1]
1  | 0  | 1  | -1  | -1  | 0.4  | 1  | -1  | 0
[1]
0  | 1  | 1  | -1  | -1  | 0.4  | 1  | 0  | 1
[1]
0  | 0  | 1  | 1  | 1  | 0.4  | 1  | 0  | 0
[-1]
Currently in epoch number:  46
1  | 1  | 1  | 1  | 1  | 0.4  | 0  | -1  | -1
[-1]
1  | 0  | 1  | -1  | -1  | 0.4  | 1  | -1  | 0
[1]
0  | 1  | 1  | -1  | -1  | 0.4  | 1  | 0  | 1
[1]
0  | 0  | 1  | 1  | 1  | 0.4  | 1  | 0  | 0
[-1]
Currently in epoch number:  47
1  | 1  | 1  | 1  | 1  | 0.4  | 0  | -1  | -1
[-1]
1  | 0  | 1  | -1  | -1  | 0.4  | 1  | -1  | 0
[1]
0  | 1  | 1  | -1  | -1  | 0.4  | 1  | 0  | 1
[1]
0  | 0  | 1  | 1  | 1  | 0.4  | 1  | 0  | 0
[-1]
Currently in epoch number:  48
1  | 1  | 1  | 1  | 1  | 0.4  | 0  | -1  | -1
[-1]
1  | 0  | 1  | -1  | -1  | 0.4  | 1  | -1  | 0
[1]
0  | 1  | 1  | -1  | -1  | 0.4  | 1  | 0  | 1
[1]
0  | 0  | 1  | 1  | 1  | 0.4  | 1  | 0  | 0
[-1]
Currently in epoch number:  49
1  | 1  | 1  | 1  | 1  | 0.4  | 0  | -1  | -1
[-1]
1  | 0  | 1  | -1  | -1  | 0.4  | 1  | -1  | 0
[1]
0  | 1  | 1  | -1  | -1  | 0.4  | 1  | 0  | 1
[1]
0  | 0  | 1  | 1  | 1  | 0.4  | 1  | 0  | 0
[-1]
Currently in epoch number:  50
1  | 1  | 1  | 1  | 1  | 0.4  | 0  | -1  | -1
[-1]
1  | 0  | 1  | -1  | -1  | 0.4  | 1  | -1  | 0
[1]
0  | 1  | 1  | -1  | -1  | 0.4  | 1  | 0  | 1
[1]
0  | 0  | 1  | 1  | 1  | 0.4  | 1  | 0  | 0
[-1]
Training period has elapsed
Training has failed to learn the XOR function after 50 epochs!
Initial weight was  [1, 0, 0]
Final weight is  [1, 0, 0]
